8.000
9.000
10.000 	
14.000 	
22.000 	
24.000 	
30.000 	
34.000 	
44.000 	
52.000	 	
59.000	 	
60.000	 	
63.000	 	
66.000	 	
68.000	 	
78.000	 	
79.000	 	
87.000	 	
93.000	 	
100.000	 	
103.000	 	
112.000	 	
114.000	 	
123.000	 	
131.000	 	
141.000	 	
146.000	 	
153.000	 	
155.000	 	
161.000	 	
167.000	 	
173.000	 	
182.000	 	
189.000	 	
193.000	 	
201.000	 	
211.000	 	
217.000	 	
219.000	 	
220.000	 	
222.000	 	
228.000	 	
231.000	 	
240.000	 	
247.000	 	
251.000	 	
256.000	 	
266.000	 	
267.000	 	
273.000	 	
280.000	 	
290.000	 	
293.000	 	
302.000	 	
310.000	 	
317.000	 	
323.000	 	
328.000	 	
334.000	 	
339.000	 	
345.000	 	
352.000	 	
357.000	 	
358.000	 	
367.000	 	
376.000	 	
384.000	 	
385.000	 	
392.000	 	
394.000	 	
402.000	 	
410.000	 	
416.000	 	
421.000	 	
431.000	 	
439.000	 	
440.000	 	
441.000	 	
444.000	 	
447.000	 	
453.000	 	
458.000	 	
467.000	 	
475.000	 	
478.000	 	
482.000	 	
485.000	 	
494.000	 	
495.000	 	
498.000	 	
504.000	 	
506.000	 	
507.000	 	
513.000	 	
515.000	 	
517.000	 	
518.000	 	
527.000	 	
531.000	 	
